63,52
63,51
63,50
63,49
63,48
63,47
63,46
63,45
63,44
63,43
63,42
63,41
63,40
63,39
63,38
63,37
63,36
63,35
3,2
3,1
3,3
10,267
10,277
10,239
10,281
10,7
10,93
10,231
10,1
10,145
10,2
10,3
11,21
11,18
11,23
11,9
11,24
11,1
11,20
11,2
11,3
9,5
9,1
9,7
9,2
9,3
8,5
8,7
8,13
8,15
8,1
8,8
8,2
8,3
12,2
12,1
12,3
20,2
20,1
20,3
19,2
19,1
19,3
18,1
18,3
14,1
14,3
13,1
13,3
2,2
2,1
2,3
62,4
62,3
62,2
62,1
62,0
60,4
60,3
60,2
60,1
60,0
58,4
58,3
58,2
58,1
58,0
56,4
56,3
56,2
56,1
56,0
55,4
55,3
55,2
55,1
55,0
54,3
54,2
54,1
54,0
53,4
53,3
53,2
